0.0 0.0 0.0
0.0 0.0 0.0
0.00537769333419648 0.0 0.065184161626624
0.020885056643091968 0.0006869669654537292 0.25342368796464
0.04318509751708238 0.004443087715332783 0.528745456012479
0.066354950979986 0.01410641191193093 0.8359427417375598
0.08629708546708349 0.03032320728238797 1.1512127692187393
0.10035530462812658 0.05188777625609661 1.467157475070822
0.10701327360761569 0.0764110585408548 1.7790515685891717
0.10581066875726751 0.10060206900722529 2.076243486011259
0.09760477870881996 0.12277434378332928 2.366006148026077
0.08401013206047835 0.14075830331058659 2.642160162791769
0.06501241919450813 0.15484459620228774 2.931585041105251
0.03565676062592102 0.1656996213189987 3.314966161823561
0.012535682787518685 0.16609046309476988 3.6004912129579103
-0.009442397075363963 0.15884644965548433 3.8838719109930833
-0.03238313580937413 0.1430457616076944 4.224933364419607
-0.0498654741436529 0.12029703570712204 4.577812541314872
-0.05741005445567853 0.09645428696200749 4.8857162591682535
-0.05683199576235003 0.06999986571957932 5.210290275970539
-0.04768727038758315 0.04403412027052841 5.548416503098973
-0.030260885312817204 0.02198958544405426 5.893954863475974
-0.006098818536094255 0.006813646548561982 6.24503211632327
0.022588919253514035 0.0005822831406000649 6.606424627538358
0.05066705809119954 0.0045614878389312104 6.955855076140031
0.0754829327369311 0.018003490556102883 7.303235268134813
0.09383620325678776 0.03862603134915106 7.64297279578864
0.10373231558958897 0.06306272212434338 7.967206309539836
0.1051000058400614 0.08921197554513388 8.28881540045138
0.09865755257677625 0.11248075744956108 8.585294815755427
0.08585128426361155 0.13201234008962567 8.871531001212315
0.06783737874148203 0.14710540827868443 9.159335101879384
0.04726209321894376 0.1560294839665018 9.434019696127635
0.024977736874429907 0.1589089295701933 9.708967769663507
0.0027386873636630234 0.15560429439221107 9.984087431273677
-0.01842328128192864 0.146044802377396 10.268236858625931
-0.03651609701669085 0.1306719758898197 10.558944275776488
-0.050221354906309204 0.10970439152962515 10.86580821413231
-0.0573694820592189 0.08498020770703649 11.181476852670702
-0.05652038535185492 0.05848805939775975 11.506799926402431
-0.046935836301954845 0.03234771131728417 11.8487926706174
-0.028948012755022696 0.010284218731934122 12.198951239415061
-0.003937648857582205 -0.004772552299177521 12.558297780653401
0.024514800745624104 -0.01016612644584964 12.915060910673665
0.05332117115695096 -0.00524202869112226 13.27500496458506
0.07813159736602579 0.009171132781078662 13.62850920742986
0.09558489847030449 0.03036655766227903 13.966581408401366
0.1044841521336975 0.055297881762568994 14.292092033235317
0.10479643153792828 0.08080991434614594 14.605490649550067
0.09743443112614239 0.10390743333470362 14.902981586346277
0.08384038739527842 0.12317806094819539 15.192026063571763
0.06571833452541188 0.1372984203215208 15.47342918352365
0.04325480400352437 0.1461467770666483 15.76899726712022
0.009507506981038319 0.14905987372514207 16.18410122295977
-0.012199042228907664 0.14305045283048648 16.463095170621937
-0.032613665806617675 0.12848326185355888 16.770063200545636
-0.047749793972274655 0.10895435600112469 17.07311428783984
-0.05656564980310375 0.08520415139946459 17.3837470634764
-0.057835105791989735 0.05840955418973403 17.712854496178544
-0.05033167402087469 0.031677470422153936 18.054007868004827
-0.034125175265560824 0.00830773115321732 18.403803067840194
-0.010730183776273276 -0.008399597213552275 18.75766474523666
0.01707984304431344 -0.01604902385890019 19.112819791204686
0.04595683061444865 -0.013568586736871292 19.469745627455257
0.07224783580493677 -0.0012111519988004683 19.827552977542005
0.09174311626432761 0.018716283384285944 20.170944513325637
0.10280475071638227 0.04318679387821462 20.501309541133175
0.10518985815048108 0.07018883422477455 20.834412970384225
0.09923170848612155 0.09420478566242413 21.138545920719903
0.08685981044135582 0.11381903658917249 21.42291854941891
0.06968292989225079 0.12864771595989738 21.700778852705543
0.04913769324978785 0.1380502695186703 21.977316994866335
0.027010827782968632 0.14142607260632575 22.251239107734825
0.003828737813973141 0.13851579809371173 22.537116420230426
-0.01796699989237205 0.12918681984883 22.827450537248875
-0.0364036638239759 0.11384942741668351 23.121232910505526
-0.050199242503429393 0.09304270807286615 23.42712921016087
-0.057538174229495156 0.06789105491838435 23.74845966199248
-0.05679977187198455 0.04134090660333405 24.07460384800765
-0.04719214447723059 0.015221713356928145 24.416473440491526
-0.029215769599358746 -0.00677896513486639 24.76594082592699
-0.004812929991270653 -0.021447748651273503 25.116396008628783
0.02347675187576985 -0.02692287904363453 25.471095834318167
0.05177422264835831 -0.022321236958392034 25.824138645313273
0.07690821303623765 -0.008164551314333867 26.179313604463086
0.0949418030847664 0.013063891962004734 26.522334234286344
0.10443849050749551 0.03864209766060493 26.857975926911827
0.1049199963802195 0.06456278624617237 27.17669369514813
0.09733010974534324 0.0882148154987747 27.481646798827505
0.07314305647219564 0.12198755385566282 27.991073846251076
0.05171308921098523 0.13485034947639857 28.30412975670727
0.02957647419494112 0.1376529949397236 28.577941727083957
0.007018873619184494 0.13382788509971805 28.857889648202132
-0.014295005284847319 0.12365678434420613 29.146975596394043
-0.03224077665591199 0.10756946584368601 29.442184891060126
-0.04527771510159013 0.08621624465415093 29.748771457859466
-0.05164346026719912 0.06086146755694486 30.069397975890332
-0.04988342438766406 0.034076489161716295 30.39899035106029
-0.03933545450399088 0.008581419465986916 30.738017074512587
-0.02042261189642909 -0.012793893651655418 31.089001413301034
0.004356094944970159 -0.026405187703872086 31.437026075652405
0.0329995164702765 -0.03080499155326756 31.793677258990105
0.060968019993779404 -0.025164115590408195 32.145088405053805
0.08891937556020474 -0.007964478116270862 32.54911797743492
0.10608239303647975 0.014961134107984723 32.90345309708365
0.11317693457525817 0.041041114903735826 33.23626710589095
0.11115532098120362 0.06615309439138307 33.545915691583495
0.10118970407772493 0.08969113007190983 33.85949160759562
0.0861543171028311 0.10709006183097779 34.14168284538347
0.06700428357423169 0.11903624394017999 34.418012630344705
0.04424451451786411 0.12553102857808587 34.707661566907284
0.021731594538263264 0.12536884628016282 34.98343908589888
-0.001887221287627975 0.11834369565149729 35.284985348521325
-0.022653706114886277 0.10475285073601409 35.58926646034398
-0.038510697504740496 0.08543282891193874 35.89576386975564
-0.04797593406039474 0.06201680982350343 36.20553561459376
-0.05005354557986134 0.03404248995045593 36.54966960841733
-0.042973585502762195 0.006618570998273347 36.89812342278581
-0.027141918434495954 -0.016682766745464178 37.24483636783965
-0.0028395701461703705 -0.03430293736991847 37.614226384290745
0.024712994179481175 -0.04190650606032996 37.96667498523518
0.05327671112684232 -0.03928159026288474 38.3198301577708
0.0803171329353361 -0.026481615175103244 38.68818679306973
0.0996420473979831 -0.006461782793016978 39.031264756615286
0.11051227694000265 0.018375021663554245 39.36478198566765
0.11320166549930208 0.053329087427716845 39.79569235049195
0.1050024985225 0.07940990947516194 40.13491508144038
0.08914900001998902 0.09852692224034941 40.4403305554311
0.0696447645646786 0.1106266463602006 40.72181807479127
0.047941060324452854 0.11640593829154598 40.99677911661025
0.02424304316532658 0.1159370097468037 41.28682054304506
0.0021750063997595798 0.10904183308094817 41.57003740855471
-0.017901911754571835 0.09556974698340262 41.86606668214761
-0.0343699100870855 0.0756852134986867 42.18247614753978
-0.044067498147162334 0.05167036441901851 42.500371058617745
-0.045846166781922486 0.025145749247284747 42.82671579367617
-0.038558829049348084 -0.002871631331351123 43.18234274603935
