lower_left_x, lower_left_y, upper_right_x, upper_right_y
0,0,451,324
0,0,451,324
0,0,451,324
0,0,451,324
0,0,451,324
0,0,451,324
0,0,451,324
0,0,451,324
0,0,451,324
0,0,449,324
0,0,454,324
269,291,293,324
119,280,170,324
0,104,210,324
0,43,449,324
0,38,448,324
0,41,448,324
0,72,212,324
0,86,203,324
0,154,194,324
0,161,195,324
0,140,203,324
0,120,212,324
0,119,451,324
0,124,451,324
0,112,451,324
0,80,464,324
0,71,466,324
0,76,452,324
0,32,474,324
0,0,476,324
0,0,480,324
0,0,481,324
0,0,469,324
0,0,467,324
0,0,465,324
0,0,459,324
0,0,457,324
0,0,456,324
0,0,456,324
0,0,216,324
0,115,193,324
0,52,204,324
0,0,225,324
0,0,464,324
0,0,506,324
0,0,542,324
0,0,574,324
0,0,576,324
0,0,326,324
0,0,336,324
0,0,345,324
0,0,354,324
0,0,357,324
0,0,360,324
0,0,356,324
0,0,337,324
0,0,304,324
0,61,257,324
61,290,176,324
51,282,174,324
0,151,179,324
0,0,188,324
0,0,400,324
0,0,395,324
0,0,379,324
0,0,366,324
0,0,354,324
0,0,348,324
0,0,346,324
0,0,336,324
0,0,331,324
0,0,337,324
0,0,346,324
0,0,364,324
0,0,385,324
0,0,401,324
0,0,419,324
0,0,425,324
0,0,433,324
0,0,438,324
0,0,441,324
0,0,437,324
0,0,437,324
0,0,435,324
0,0,435,324
0,0,434,324
0,0,434,324
0,0,434,324
0,0,434,324
0,0,433,324
0,0,433,324
